9380791291,
9369538375,
9176031848,
9375243041,
9303134031,
9359751004,
9031001380,
9212278748,
9922951977,
9106743858,
9031101202,
9933818141,
9964763208,
9216522974,
9032742004,
9153028966,
9369628155,
9367497663,
9189718646,
9145666717,
9159104822,
9379989344,
9916143995,
9141647016,
9017347336,
9914948513,
9016931326,
9964429799,
9907897029,
9010764199,
9118158657,
9965836386,
9336660880,
9120134669,
9367471434,
9938583269,
9142291984,
9908643270,
9193712615,
9144248764,
9044098300,
9134474435,
9138980411,
9371123366,
9118479557,
9370915842,
9924965767,
9397916761,
9397820677,
9919405719,
9966129484,
9378668229,
9193573197,
9123601669,
9163927649,
9017242829,
9151073345,
9050375269,
9135185466,
9338330954,
9109776523,
9916262027,
9177909589,
9335039229,
9132532935,
9379352611,
9145881169,
9140072047,
9109102860,
9351777323,
9364591926,
9035966155,
9960165732,
9031353951,
9033120960,
9059796977,
9944140429,
9103345687,
9136790836,
9165638185,
9123587404,
9385881557,
9981958676,
9046240860,
9112776294,
9139206981,
9035588032,
9199906189,
9169582997,
9158461987,
9125933213,
9038123821,
9391222332,
9365282727,
9332495898,
9919228134,
9385460470,
9199396317,
9383661984,
9111261450,
9307647920,
9939476221,
9024959554,
9384777072,
9171354474,
9133950252,
9051658552,
9216042182,
9136774922,
9134668355,
9300921554,
9156905842,
9920338856,
9390137649,
9213226984,
9113670649,
9362783504,
9121712824,
9373891553,
9147917491,
9032508750,
9128355601,
9022986557,
9159178019,
9145663700,
9130035549,
9157256307,
9113845767,
9125371384,
9057527582,
9148297516,
9215540930,
9112725021,
9106121345,
9156560271,
9058283800,
9125309708,
9367960814,
9900989772,
9132172738,
9032141263,
9015713828,
9331608960,
9013807405,
9383543739,
9367261604,
9370329938,
9931017485,
9380684268,
9960977180,
9171320213,
9170674378,
9370716412,
9931133672,
9154748577,
9123245245,
9127954021,
9999952309,
9395024899,
9906564206,
9360262795,
9031437203,
9397196860,
9136428928,
9035174798,
9014767140,
9919427844,
9138087989,
9149662508,
9399143826,
9926724349,
9142320160,
9305259509,
9206977464,
9903033537,
9356046861,
9031224524,
9940713614,
9195994424,
9176566917,
9153113569,
9102680719,
9355743924,
9197456065,
9358881734,
9222320326,
9222531259,
9189340460,
9391073657,
9010472161,
9054462449,
9916550016,
9057943570,
9385078714,
9386897414,
9201208782,
9377943980,
9366072463,
9125358805,
9133511917,
9050209686,
9367885350,
9190631732,
9306009624,
9014807242,
9183352721,
9015089164,
9363567275,
9224514254,
9902650958,
9393398637,
9131700695,
9358802480,
9339459840,
9335515852,
9146503897,
9054066545,
9139026685,
9216954904,
9149127581,
9934944389,
9222123521,
9010274287,
9044852728,
9219015868,
9191844195,
9376586106,
9200559469,
9138113216,
9046406398,
9926520635,
9134592148,
9962988240,
9101391569,
9961965571,
9960821877,
9128531316,
9961975649,
9354149427,
9914958260,
9358271523,
9039649811,
9306551401,
9039615318,
9035809906,
9331036661,
9174859529,
9215530848,
9380836715,
9359090137,
9922070788,
9158273954,
9055905836,
9114233196,
9367671069,
9158353763,
9172523596,
9155712822,
9156801267,
9141190056,
9137204899,
9191296931,
9119349013,
9147435515,
9197744251,
9903986841,
9125932530,
9361666911,
9017618238,
9904038738,
9184576367,
9368426807,
9158210305,
9398980544,
9305696104,
9389446053,
9036258869,
9353833780,
9357709712,
9187342664,
9388532233,
9939957287,
9126194828,
9308512056,
9148038343,
9126997448,
9030554726,
9143467691,
9909413053,
9171492656,
9354029021,
9393419289,
9355211527,
9021097091,
9124676237,
9114552590,
9127670085,
9302750224,
9192014082,
9177091047,
9939983329,
9368709223,
9376863608,
9167201968,
9981603837,
9167101206,
9133164138,
9903137211,
9106064713,
9339343674,
9037344341,
9182077088,
9022097913,
9396690314,
9360292014,
9103330912,
9152887468,
9141559853,
9140920782,
9159518580,
9145871172,
9153722962,
9363666024,
9188421630,
9134282770,
9105633206,
9912210822,
9038113348,
9231127125,
9146924812,
9927854812,
9125411775,
9376028683,
9021868386,
9175421944,
9134864971,
9203219917,
9354991021,
9307438253,
9144165594,
9336199074,
9231270764,
9915137514,
9023453933,
9390283639,
9384573559,
9198781310,
9365220172,
9176189125,
9186675720,
9336349759,
9001584244,
9925030634,
9143057709,
9015809367,
9168852801,
9177336531,
9152753890,
9220924082,
9129244755,
9333221015,
9224616027,
9920855477,
9384026646,
9351247618,
9114697166,
9927052639,
9362015582,
9363326969,
9127405496,
9357262677,
9201761790,
9152536032,
9123233854,
9332216032,
9132252857,
9939942680,
9143040186,
9024343992,
9210772087,
9020013205,
9122977756,
9058987195,
9330379587,
9339729915,
9153327898,
9906385279,
9944641243,
9126846526,
9139952650,
9357078190,
9218751782,
9199126744,
9927064586,
9120574622,
9389443627,
9115398608,
9910559748,
9379564358,
9026569981,
9182897970,
9393939277,
9123630160,
9134453959,
9396183551,
9032091568,
9138305423,
9379260141,
9022777474,
9124680735,
9362115660,
9991299906,
9909767532,
9333621652,
9184414076,
9188741259,
9133672434,
9398468199,
9138398762,
9190390813,
9399075854,
9904552948,
9031055160,
9159291554,
9997806617,
9179984335,
9140765686,
9332303921,
9331179019,
9196607723,
9129680450,
9028508665,
9335657392,
9132675973,
9365227880,
9124333280,
9109820078,
9936632493,
9190883949,
9371485061,
9930856741,
9365106473,
9355852245,
9184112550,
9103510910,
9146593117,
9178545961,
9379265458,
9916154568,
9211799473,
9134084293,
9917246916,
9397939005,
9361385184,
9367001286,
9034100644,
9303473990,
9339514069,
9117047339,
9357163836,
9918758908,
9059744220,
9915479158,
9172765482,
9374980371,
9186545374,
9168764323,
9152217186,
9162690041,
9373028841,
9120585694,
9374654077,
9141092347,
9378438699,
9120327013,
9120406596,
9305281321,
9177514437,
9103579410,
9199206793,
9388686302,
9156515240,
9119059265,
9917548466,
9901697264,
9035553170,
9215878446,
9354510008,
9159122957,
9339946401,
9960716783,
9117990537,
9171081235,
9373590397,
9197970752,
9136514518,
9934641917,
9103132906,
9024131449,
9332137163,
9381378779,
9124274876,
9211756790,
9178907214,
9351610812,
9124653017,
9199182907,
9917480872,
9131018237,
9394048809,
9362439739,
9309694512,
9120678316,
9035983083,
9900034080,
9904762791,
9227745071,
9375400815,
9932631816,
9368504607,
9358176307,
9191693291,
9363500597,
9301880174,
9360112239,
9208108906,
9109823927,
9046652562,
9212324026,
9962379674,
9125476588,
9125131951,
9330761194,
9393691302,
9030797786,
9357698081,
9913848553,
9379076661,
9195385077,
9225846724,
9164102577,
9029777037,
9373389484,
9134555585,
9929008468,
9051285159,
9910637036,
9132673972,
9146389408,
9211823696,
9119676629,
9014670454,
9379747612,
9152467134,
9925377203,
9356619671,
9053860035,
9932816311,
9153322414,
9379307238,
9190439806,
9021827973,
9045847912,
9013430819,
9028735275,
9146943941,
9918602545,
9338456422,
9184427946,
9362618517,
9965921342,
9180539774,
9189279644,
9053617443,
9961329230,
9027111066,
9373131636,
9134567893,
9147321291,
9335237458,
9168952598,
9129517131,
9168471182,
9927145689,
9168153057,
9306094941,
9140817476,
9363676057,
9303748433,
9381811376,
9963853426,
9390259009,
9390857084,
9354507799,
9145563674,
9399508301,
9137771734,
9339655648,
9304053099,
9904545334,
9192807658,
9034366037,
9900834943,
9011257733,
9355394356,
9962266860,
9962717437,
9160354984,
9035860688,
9100115029,
9118563682,
9143860355,
9170742182,
9133043066,
9157072435,
9904666058,
9305282008,
9147906171,
9367894882,
9902988032,
9926147641,
9981069369,
9150587059,
9300830417,
9130230106,
9184082826,
9999015655,
9055178985,
9107653102,
9109697868,
9300859036,
9308417469,
9134013633,
9353550757,
9198579361,
9935577450,
9151195059,
9309080414,
9177583519,
9178298990,
9216329184,
9908282498,
9100921504,
9146482775,
9226175714,
9170064622,
9214834694,
9396363490,
9302749348,
9938971753,
9362860903,
9385446376,
9147509086,
9013014679,
9944397303,
9143564865,
9393050273,
9966971134,
9397196494,
9016410741,
9147601765,
9184455157,
9122534796,
9139118631,
9232342059,
9336772737,
9011665892,
9020893963,
9916903845,
9037188378,
9173419811,
9938316191,
9961413957,
9922953025,
9148989086,
9933441963,
9055075022,
9033975528,
9338859180,
9164566001,
9385283553,
9101675292,
9904113882,
9379805845,
9192776748,
9304873662,
9906780089,
9379985035,
9911964438,
9196816784,
9351261845,
9011271017,
9387844138,
9137389362,
9163056714,
9914516325,
9133357245,
9367186092,
9180011630,
9058201669,
9226440575,
9155580534,
9379458285,
9197858212,
9371366677,
9138301354,
9368929105,
9916154430,
9305982123,
9129238526,
9166988812,
9134513514,
9334981080,
9031072532,
9372411922,
9199712110,
9127260870,
9159163927,
9982329560,
9375715712,
9397063807,
9179903509,
9919797847,
9150021714,
9906231866,
9919856711,
9337703347,
9127429470,
9016049324,
9371615042,
9925275688,
9915370611,
9186788691,
9142960234,
9105153814,
9213830844,
9143969511,
9183558487,
9125949952,
9963628774,
9910266473,
9051243781,
9187420797,
9960111796,
9365328270,
9371103132,
9146448187,
9137960512,
9351381125,
9188840876,
9165451669,
9143186148,
9184087094,
9150811620,
9306022087,
9354201768,
9148010052,
9010153829,
9031575335,
9913210801,
9195420700,
9925660643,
9158344512,
9154684942,
9307849464,
9213256190,
9148665974,
9330597854,
9058875974,
9307393464,
9356795001,
9025195982,
9102069533,
9185673255,
9166121787,
9001112787,
9373476510,
9058381884,
9115675368,
9011226066,
9171076358,
9137821749,
9914104603,
9335473244,
9232686217,
9964969508,
9191801081,
9308269166,
9001650777,
9004303478,
9059694196,
9044303125,
9155343749,
9189215593,
9931609043,
9152586426,
9124074875,
9366361386,
9126192987,
9399716546,
9124867890,
9330230068,
9054350410,
9353700847,
9029433610,
9123945595,
9115521981,
9388885975,
9155401055,
9338534270,
9119230362,
9189180963,
9144119199,
9034573216,
9124590836,
9210626495,
9013409484,
9155234413,
9218537045,
9045934610,
9217549741,
9148878578,
9226300152,
9335789434,
9151335334,
9965096684,
9964087663,
9133565704,
9021402480,
9336139816,
9962468820,
9385331183,
9921855828,
9028338319,
9130224571,
9032121690,
9186688657,
9178985497,
9145532980,
9382064221,
9364548087,
9368592549,
9333532884,
9376647429,
9165783990,
9015663402,
9307600445,
9339299928,
9918961985,
9351890097,
9308586110,
9195203894,
9147530526,
9154792040,
9044976167,
9368660352,
9369964181,
9158493552,
9199649458,
9909121502,
9126518927,
9142889589,
9196049008,
9197537470,
9125947250,
9144180728,
9932886238,
9029944892,
9939512274,
9307072334,
9194419647,
9369013639,
9220965002,
9928455377,
9130340324,
9194174274,
9187295055,
9026811252,
9156927836,
9212821500,
9936606578,
9910268295,
9226450569,
9159781305,
9932245506,
9372983524,
9136810522,
9122834273,
9044014193,
9309886804,
9160547002,
9301023904,
9386742171,
9104512929,
9353845403,
9308552363,
9131139501,
9051613798,
9915886521,
9919946851,
9121430974,
9198413678,
9119805380,
9963351089,
9114461577,
9386525874,
9354974706,
9149594990,
9350761435,
9363312323,
9129587195,
9926325509,
9364043000,
9128126483,
9197070637,
9227817123,
9368536150,
9134218542,
9256663473,
9139609767,
9134661675,
9355803756,
9962537522,
9189163729,
9170608684,
9305802018,
9370250705,
9331737320,
9135030236,
9171762361,
9911728803,
9139725130,
9384388669,
9154718105,
9220234924,
9035616985,
9021531728,
9357218307,
9103556182,
9153711013,
9199377497,
9103709677,
9055444296,
9178301602,
9213968926,
9360169421,
9918374434,
9012709485,
9369269451,
9302062518,
9031306497,
9397891411,
9352803190,
9144414690,
9168174006,
9037104546,
9385847930,
9104506331,
9399100920,
9155325754,
9014651918,
9386914641,
9167295422,
9102184506,
9999217709,
9122084803,
9903019425,
9336486621,
9916026290,
9394043772,
9132759538,
9143326559,
9902427442,
9103122742,
9022289720,
9935974971,
9010166128,
9907946274,
9136078834,
9388563841,
9378500121,
9127357966,
9142155653,
9116602724,
9333074722,
9194820760,
9371674346,
9139251246,
9022279732,
9137558276,
9037127344,
9115809084,
9125833921,
9369039991,
9144121700,
9372718968,
9056462307,
9357864741,
9218138326,
9143302438,
9336199309,
9188832298,
9112005797,
9125319729,
9056424980,
9138687898,
9378038648,
9143246264,
9112559126,
9013067405,
9386462376,
9198541344,
9305952319,
9361445367,
9193471733,
9364223363,
9901625254,
9375420119,
9137143179,
9026929127,
9904037331,
9352524720,
9359576344,
9940834684,
9128301320,
9963679948,
9108417017,
9907694450,
9144232752,
9398449200,
9181332036,
9180039685,
9198122804,
9364795108,
9107820741,
9921165543,
9388383559,
9368027317,
9213985263,
9191812812,
9921800383,
9360078681,
9015401655,
9227577621,
9901781167,
9178363732,
9907335914,
9036077405,
9212580564,
9934209618,
9046381476,
9124392187,
9357602727,
9233049762,
9134436218,
9307083265,
9154519474,
9306815847,
9179996373,
9918180812,
9190928347,
9143149786,
9172724621,
9300014140,
9931470886,
9306821671,
9022043152,
9301433790,
9191294717,
9029793001,
9367162415,
9186993427,
9143823502,
9151030612,
9966041128,
9176236652,
9115458912,
9380960894,
9186236949,
9185114639,
9351071700,
9917845320,
9125777523,
9383964906,
9132143349,
9101516624,
9928900458,
9938038119,
9362891437,
9134432184,
9369459753,
9370339002,
9357137708,
9164143245,
9017435640,
9354729876,
9924160517,
9391020349,
9145753895,
9101123025,
9141038618,
9153444941,
9199888512,
9017503805,
9055343112,
9907986152,
9399594239,
9157000983,
9354241246,
9915518441,
9370641484,
9141491065,
9927438201,
9185397120,
9104020354,
9379725673,
9134645604,
9131596473,
9037720517,
9369659074,
9186121003,
9122315731,
9038847159,
9158172088,
9044483644,
9151898865,
9156668557,
9187080141,
9032568279,
9159884989,
9129421290,
9199594968,
9175677030,
9165495939,
9215617870,
9026455981,
9128399234,
9046227727,
9365601717,
9128008203,
9364637224,
9393269252,
9383386230,
9387553572,
9020934148,
9147435031,
9920370362,
9122428345,
9930012881,
9305119804,
9146340061,
9022417208,
9120585840,
9108080320,
9360749764,
9123360760,
9145969223,
9941633191,
9331752787,
9378911331,
9188698982,
9112468453,
9232072282,
9380041812,
9023479299,
9939007470,
9307867356,
9361805206,
9162718058,
9177815240,
9367572872,
9160477133,
9927084541,
9192834694,
9021052946,
9109662656,
9045309725,
9193664898,
9371901245,
9129451472,
9304521460,
9904105791,
9017546784,
9224078055,
9102857807,
9398116380,
9155520120,
9373771285,
9197237476,
9107550459,
9940981158,
9379252769,
9368184807,
9019882218,
9131029909,
9935649488,
9190449305,
9163326625,
9030816973,
9038296158,
9133269947,
9118568696,
9121867592,
9364347126,
9021110421,
9907183933,
9375748291,
9151231878,
9138420007,
9380864828,
9010944122,
9999817268,
9380244972,
9370429178,
9134536928,
9334836883,
9371438551,
9920288823,
9132171733,
9201108547,
9307766926,
9365318117,
9142955759,
9366714462,
9381535001,
9903604061,
9143815376,
9155244081,
9370064959,
9168573140,
9058642154,
9396379436,
9059445193,
9151516018,
9117482181,
9029263324,
9370741037,
9304116546,
9199655442,
9111535854,
9156602376,
9369866936,
9133542543,
9188641724,
9124263413,
9367386535,
9966843471,
9149676390,
9153747894,
9222490131,
9366179896,
9936430731,
9397166501,
9162061605,
9177100442,
9187860736,
9372239252,
9192303101,
9224164126,
9028785913,
9395036025,
9133192205,
9216858345,
9122184173,
9172318945,
9338205727,
9928569205,
9171928516,
9369167273,
9056267517,
9371188216,
9196998242,
9330461808,
9210190133,
9033231221,
9149053768,
9121959492,
9030203884,
9131707004,
9024617882,
9229789338,
9102138914,
9353225994,
9915180279,
9331842812,
9016310661,
9353267790,
9220586324,
9148264115,
9364377339,
9912008821,
9356226024,
9018486885,
9131111225,
9193614585,
9198425342,
9213103973,
9226559054,
9147198488,
9122361692,
9393898787,
9122493084,
9356505588,
9391367544,
9172519793,
9166621065,
9131945238,
9938419304,
9125301720,
9304133162,
9392921640,
9900317320,
9019780619,
9053238085,
9173834281,
9928241337,
9390911542,
9174354253,
9003832333,
9179973021,
9156501927,
9366507694,
9123535399,
9385906987,
9962697804,
9356528458,
9030186047,
9152590659,
9032270316,
9167615795,
9158328293,
9170989987,
9177753464,
9135385189,
9015997184,
9366976689,
9215800898,
9220837923,
9231274130,
9036013516,
9384140302,
9353587321,
9108104676,
9139420086,
9026647544,
9010632661,
9184022593,
9367947582,
9202007478,
9365557622,
9128559561,
9572059363,
9228205215,
9104644854,
9172154647,
9214525823,
9396659816,
9396541516,
9108155061,
9107599474,
9167894456,
9058839857,
9910951774,
9376382405,
9216966980,
9029731677,
9359656212,
9195628087,
9014032484,
9180875319,
9222586042,
9306145495,
9118909616,
9142909211,
9393579890,
9197468613,
9016211884,
9305772374,
9300722946,
9131622262,
9910642904,
9132050255,
9962103548,
9924991611,
9909804262,
9212854282,
9140912971,
9389345104,
9394766722,
9919222895,
9383001252,
9115687266,
9196556988,
9905289577,
9128306489,
9103588107,
9036365339,
9910530379,
9141939769,
9215236491,
9015487510,
9156321036,
9362349872,
9351875235,
9912240271,
9353030735,
9112398512,
9053373270,
9113153409,
9140961763,
9029326771,
9217697814,
9922244649,
9932175259,
9044801964,
9145501167,
9981127413,
9134421437,
9363518289,
9120335747,
9373837857,
9036553371,
9938583945,
9131631446,
9330631712,
9023186877,
9156832617,
9128979750,
9390920027,
9389242220,
9145046974,
9214508301,
9304343483,
9306255095,
9199315483,
9038248399,
9211770678,
9035083953,
9915532499,
9904799655,
9124025476,
9100723624,
9131592060,
9196920442,
9011443015,
9188716235,
9133873952,
9116374431,
9333508435,
9392380408,
9914532396,
9309197770,
9027383824,
9187727454,
9904321055,
9363649655,
9939813142,
9375418494,
9136272560,
9114475272,
9132836847,
9034332733,
9399206793,
9127388142,
9927301284,
9102385798,
9364189681,
9367935578,
9165260594,
9141908294,
9175207427,
9914567987,
9130926866,
9023743874,
9126902750,
9924228959,
9380704488,
9188751659,
9381469396,
9334334387,
9357223499,
9131596982,
9304910059,
9934120789,
9945541038,
9351794610,
9104161530,
9171080058,
9205281716,
9131080029,
9040421490,
9192202262,
9177160508,
9351551050,
9135179583,
9368085980,
9057390437,
9142184198,
9353313620,
9366341450,
9374882169,
9182346423,
9162837918,
9117001318,
9399197620,
9190834327,
9038916220,
9922238038,
9123890211,
9934535001,
9122477783,
9394816626,
9938683835,
9143561887,
9359369435,
9303327881,
9192555635,
9146256190,
9330928520,
9173156727,
9379066377,
9301487970,
9121044272,
9132091252,
9115683568,
9133685515,
9196715396,
9387539484,
9918881962,
9178113197,
9101530735,
9913951319,
9191013937,
9924437258,
9150012090,
9359591895,
9035417580,
9101868482,
9195344815,
9147624214,
9378532434,
9902121949,
9370186994,
9357515483,
9905824506,
9350522368,
9105617197,
9186835387,
9144208897,
9300324080,
9055166411,
9178117014,
9056730107,
9183118074,
9355004317,
9195183416,
9099661573,
9138133317,
9135331591,
9921835181,
9303374175,
9370696256,
9330597185,
9917601692,
9153161256,
9120261530,
9924793263,
9928435163,
9360707104,
9330468969,
9209305309,
9361086155,
9010207512,
9392584120,
9963086096,
9168988548,
9216975590,
9960673482,
9357356247,
9033418750,
9141557190,
9198867515,
9361612428,
9938856172,
9199630711,
9361674003,
9188864556,
9143057107,
9362600991,
9102190493,
9941942903,
9183087853,
9966958922,
9355097473,
9044648299,
9227536724,
9187588833,
9136897377,
9358348080,
9183458094,
9357806498,
9940150804,
9125121517,
9175527289,
9192550216,
9338440419,
9051108154,
9330648986,
9038691772,
9128464643,
9157477505,
9391860886,
9163094202,
9134106578,
9338102187,
9179848231,
9332619119,
9032506034,
9376606405,
9305305275,
9195041186,
9172059979,
9354667389,
9165412016,
9124103357,
9197557902,
9388292318,
9034673540,
9398421046,
9053199426,
9916807660,
9121575803,
9127258458,
9363310067,
9123141346,
9337417880,
9392010125,
9033404494,
9335654554,
9111799054,
9187078588,
9377570773,
9138164225,
9051091220,
9399089074,
9394408159,
9177159534,
9305814558,
9102856118,
9128844724,
9124690795,
9184610922,
9052991687,
9906818846,
9123798528,
9933399316,
9214820872,
9112868656,
9032101626,
9131928521,
9193381590,
9130479169,
9170129335,
9191776076,
9212193540,
9056909551,
9922308968,
9394656605,
9381441811,
9393350654,
9157016236,
9038012370,
9142169718,
9014209342,
9178139220,
9117346053,
9374015574,
9103122981,
9194822568,
9369793369,
9930423066,
9165916620,
9906208703,
9378456033,
9187877383,
9184704602,
9380104984,
9334506445,
9918288367,
9011224423,
9211895220,
9105865765,
9152260061,
9137357845,
9023006693,
9057544321,
9939186251,
9917763507,
9162669047,
9924317010,
9367801324,
9129243556,
9218635126,
9332233139,
9929006264,
9392312637,
9303772918,
9211871320,
9364612344,
9396699957,
9917733895,
9150121091,
9919729088,
9909150363,
9940713470,
9936651794,
9129685377,
9381274412,
9390221012,
9225308667,
9172246712,
9331432915,
9120208717,
9035790961,
9146604607,
9159254789,
9232913353,
9143183591,
9105699725,
9332660097,
9907270753,
9113265155,
9143076017,
9115205629,
9360765758,
9050636442,
9106935637,
9369292015,
9031219801,
9233808381,
9120418856,
9044503335,
9366114625,
9120296307,
9141202048,
9114340074,
9050832556,
9035739320,
9332192360,
9384344003,
9104136401,
9030138338,
9194704212,
9927759500,
9178071380,
9145177852,
9024984508,
9901504246,
9362042862,
9921094177,
9125990025,
9120620468,
9017648590,
9931662352,
9216873504,
9175945658,
9197504772,
9962128563,
9193592738,
9186155764,
9929303822,
9960187308,
9358990699,
9031195939,
9928269800,
9221348130,
9173517415,
9152341103,
9357818695,
9385812030,
9358378393,
9935814566,
9331232350,
9902378442,
9963309407,
9925451400,
9921764846,
9195824661,
9379873413,
9170053933,
9027700453,
9944843654,
9145327415,
9373184745,
9300624585,
9173636743,
9399770265,
9337300806,
9394395490,
9396451380,
9212348947,
9233390439,
9364752225,
9963286798,
9144377597,
9108621004,
9362397569,
9149874722,
9217437600,
9190296205,
9922239442,
9021640481,
9169696772,
9125015267,
9938323380,
9333507927,
9036963027,
9334679009,
9014239522,
9177894117,
9133096828,
9900613319,
9999878449,
9307148980,
9106357872,
9131158555,
9305759930,
9150139349,
9380401589,
9107494829,
9358154905,
9058668517,
9166076513,
9376386938,
9961114588,
9926823899,
9376767617,
9354376561,
9926149466,
9384165634,
9927820634,
9140046184,
9017572072,
9928675726,
9141862036,
9369506377,
9364959838,
9014632911,
9397100336,
9927846917,
9116531945,
9051249107,
9188656086,
9918949938,
9116766533,
9051304886,
9912114711,
9140730578,
9925738633,
9936454896,
9052020413,
9360878827,
9170819795,
9156427051,
9180630681,
9199863054,
9364888798,
9960329074,
9143195328,
9105154369,
9904131721,
9355771377,
9370218581,
9101431109,
9037422616,
9186650940,
9175911676,
9171054009,
9390892002,
9380964010,
9019065149,
9912959281,
9374603693,
9908872560,
9390668300,
9197378425,
9125087692,
9111860614,
9039143198,
9141166390,
9033400865,
9390626392,
9102852879,
9394640806,
9386671808,
9123265038,
9231772021,
9150706048,
9143249092,
9399510302,
9197961653,
9365228478,
9333516269,
9922497366,
9219456366,
9962121535,
9120256078,
9002041320,
9051357757,
9000000000,
9938098377,
9136971312,
9117835840,
9939105304,
9139343734,
9185134092,
9173927485,
9193393575,
9199547135,
9301567246,
9130304025,
9304641082,
9368770533,
9220073619,
9189917404,
9142960939,
9361156074,
9912055045,
9160988535,
9183746253,
9917111183,
9127652966,
9308576923,
9176021364,
9301857054,
9915001570,
9025664627,
9155089664,
9105553110,
9188817276,
9387121944,
9357396102,
9177178390,
9120136216,
9136647344,
9927144931,
9363977121,
9174777353,
9353696440,
9330708564,
9033518862,
9101025129,
9155075712,
9113747433,
9033265584,
9156832357,
9112466698,
9172314450,
9391468975,
9133497177,
9901787308,
9188488831,
9118428814,
9365388757,
9157548154,
9901094899,
9389179875,
9337719803,
9186844686,
9933661490,
9023944024,
9031265123,
9170206905,
9187880814,
9220237271,
9395902720,
9213477381,
9923442174,
9038167900,
9030692781,
9907175419,
9031531873,
9177756076,
9023612292,
9134284027,
9153851659,
9390621480,
9227214827,
9100257098,
9939316040,
9369109713,
9914470441,
9374333153,
9911411710,
9914346904,
9138398239,
9935127547,
9301262239,
9388271341,
9122471805,
9306418375,
9932824060,
9146397535,
9939136910,
9032989936,
9365058837,
9013105064,
9132857987,
9016859083,
9128051445,
9115236778,
9045542259,
9052283531,
9186668224,
9922171956,
9376172791,
9053690873,
9166728323,
9038722411,
9354567649,
9212693273,
9010971901,
9374705483,
9034289179,
9962463114,
9178558328,
9366304585,
9148516690,
9032054472,
9960674112,
9172390209,
9019917401,
9134638990,
9130268422,
9374314061,
9132741235,
9192634214,
9162872541,
9305023169,
9139091869,
9194434306,
9905747067,
9134219507,
9127986250,
9107247276,
9383629062,
9194437031,
9378780070,
9188460187,
9175172898,
9028704365,
9375048602,
9382031054,
9106852523,
9123337780,
9100126686,
9058718171,
9120711032,
9134809690,
9138017472,
9397071326,
9146601702,
9124158509,
9039827679,
9965301843,
9128485325,
9168782732,
9123870393,
9217483787,
9356208262,
9381178475,
9134913085,
9127170749,
9117797064,
9934530016,
9148846101,
9055632299,
9213857745,
9120723691,
9001380327,
9934990669,
9159947087,
9394620418,
9173514933,
9146515940,
9186669558,
9361193125,
9913408940,
9138664156,
9143004723,
9045301827,
9353880980,
9194863362,
9017314224,
9018027377,
9336159625,
9331021871,
9150472380,
9189253575,
9908009311,
9365487715,
9146841885,
9037714308,
9379149954,
9136322581,
9030769261,
9337913959,
9039073409,
9031183986,
9120394951,
9308660317,
9171169430,
9057303205,
9117020208,
9396603584,
9102260591,
9930859616,
9111193884,
9964268107,
9389402545,
9016119745,
9938071815,
9023525585,
9195896166,
9172729422,
9300641199,
9151241189,
9157033548,
9134709210,
9123365937,
9173400852,
9147576090,
9393484792,
9374516974,
9162373185,
9381833793,
9934964228,
9176046657,
9351033052,
9059149382,
9906118501,
9922973730,
9133803818,
9131370844,
9228359634,
9187172559,
9153869353,
9212553747,
9394115334,
9392354244,
9338907353,
9101814178,
9373721978,
9037991869,
9142792681,
9012989018,
9146535220,
9335587375,
9136571237,
9158481869,
9966056432,
9227491178,
9216875042,
9359857564,
9221074025,
9024108866,
9102947793,
9106659352,
9922738469,
9102622747,
9149654375,
9193278789,
9133577212,
9137180332,
9014186951,
9963243611,
9304066816,
9055158213,
9170537284,
9136090849,
9333448126,
9900454338,
9134426932,
9392171366,
9100716020,
9397307331,
9150047278,
9012715209,
9196397634,
9180515546,
9120522027,
9910290567,
9338261258,
9133866302,
9025028402,
9175282114,
9917226570,
9217161910,
9043017963,
9388560653,
9119745766,
9223698255,
9394647917,
9208408363,
9106662409,
9355073537,
9122460435,
9102811400,
9145424202,
9011501420,
9377931554,
9391948418,
9374371865,
9137420589,
9914447458,
9399496506,
9190822609,
9136597970,
9362517668,
9101468134,
9936132943,
9370694786,
9149411811,
9918424007,
9364841110,
9394288561,
9941958592,
9039794505,
9134432736,
9944176194,
9933642359,
9191002778,
9392772295,
9103998661,
9148846576,
9045088292,
9369825782,
9187783612,
9177669144,
9365427897,
9195763917,
9145753985,
9362246889,
9386951675,
9216114107,
9132113148,
9395621598,
9370137161,
9156958479,
9380472951,
9034951090,
9148022321,
9100862267,
9925040126,
9028133426,
9037208322,
9137090697,
9145109314,
9307687027,
9136428869,
9374930678,
9034361961,
9132115486,
9366103685,
9130140849,
9100788256,
9902815163,
9392864553,
9307907599,
9126761438,
9017083861,
9012211831,
9141184898,
9387245016,
9309616569,
9112320367,
9388004602,
9362687870,
9962661338,
9301700526,
9117647020,
9180696995,
9126186569,
9145712565,
9138884212,
9306197502,
9134804312,
9917808250,
9214653905,
9387968143,
9358836670,
9920292874,
9032747860,
9140769916,
9906390577,
9903500588,
9167362005,
9930806272,
9362380026,
9336518721,
9032689494,
9214039993,
9211236370,
9140894310,
9132091006,
9392371493,
9109210031,
9056496332,
9114941953,
9362875965,
9134049624,
9104418304,
9378115676,
9109844161,
9142059767,
9149891790,
9196057140,
9367503919,
9169485809,
9023555603,
9157536240,
9170803133,
9191766264,
9170001578,
9379545483,
9352895490,
9059624593,
9057792157,
9021131975,
9130303822,
9307870015,
9393928580,
9131632263,
9393108444,
9374678782,
9184170310,
9368856793,
9217843395,
9392616742,
9397579687,
9941093426,
9145176310,
9144393926,
9189332553,
9332509916,
9391160095,
9397885347,
9195242135,
9224080012,
9121501378,
9391701173,
9387493137,
9960241727,
9216076467,
9121243184,
9170996814,
9301390824,
9335960573,
9055634993,
9192882558,
9100100802,
9140672179,
9019544565,
9377850072,
9102595426,
9217153193,
9919355642,
9147412832,
9386208127,
9141011382,
9118769508,
9382121502,
9371900503,
9182893645,
9907676761,
9965692949,
9362755705,
9220384935,
9216762276,
9053747469,
9100273070,
9333445926,
9911960936,
9151212258,
9050140294,
9035307605,
9333159637,
9133823665,
9395457668,
9308087802,
9339413932,
9334077152,
9050845043,
9925598732,
9229131917,
9196100192,
9028761093,
9134676517,
9149589804,
9395003376,
9391556195,
9365399780,
9965969668,
9392038980,
9132010871,
9365745491,
9051329182,
9195958644,
9372763975,
9146582060,
9130834247,
9054390633,
9357312455,
9226792672,
9145577293,
9151637027,
9189182129,
9351556120,
9212508599,
9037049735,
9011014201,
9188758060,
9010103675,
9369401998,
9150654274,
9037899959,
9393529253,
9351255878,
9334302936,
9376775294,
9138290689,
9145455916,
9122982949,
9916017405,
9397262684,
9052650060,
9966632732,
9045879160,
9112784451,
9353129852,
9109784755,
9137151380,
9112121111,
9035423400,
9030192520,
9037177603,
9126849122,
9907790294,
9192147868,
9354998849,
9334224782,
9127159064,
9369673978,
9145645802,
9361660504,
9011199281,
9190397604,
9908823209,
9184887720,
9194061775,
9120529429,
9151008316,
9377303930,
9046796088,
9309546210,
9336075654,
9370106897,
9156323838,
9135280889,
9126777422,
9911679529,
9396640484,
9033197931,
9355225706,
9173762239,
9396251019,
9941178364,
9227890543,
9131124623,
9223078984,
9152592456,
9399734544,
9137126497,
9179627683,
9306065582,
9908210368,
9350838283,
9139011751,
9305247505,
9906394708,
9331019053,
9149186092,
9192773230,
9356412934,
9141800735,
9210715069,
9132692248,
9010263485,
9127801845,
9144033948,
9921292889,
9133309219,
9010310040,
9396696560,
9369227780,
9186847195,
9134980188,
9014891446,
9176363288,
9029777019,
9032237557,
9187797920,
9160256875,
9165509821,
9148392301,
9926891326,
9932609636,
9126083873,
9116276533,
9149536902,
9925135680,
9393444104,
9028610775,
9938636167,
9213230396,
9125009646,
9228547313,
9029392027,
9195870829,
9036233910,
9111858843,
9184593061,
9910334956,
9399089805,
9934397683,
9394860142,
9120328286,
9106180042,
9362602897,
9170704899,
9180830902,
9338182988,
9305203706,
9038751959,
9929816881,
9389453133,
9176305018,
9212830318,
9137276592,
9172482566,
9035021611,
9132484341,
9179198058,
9392839686,
9126670975,
9902066393,
9389267585,
9363821359,
9964666253,
9144277696,
9300321568,
9015516349,
9189530801,
9120856991,
9149099142,
9106842477,
9388277636,
9934218795,
9191517368,
9936571387,
9171356631,
9056636301,
9924183876,
9011624831,
9126347008,
9222125105,
9232336850,
9118355663,
9170152036,
9162875328,
9380108668,
9330747424,
9351368633,
9124616068,
9183867801,
9150771770,
9357841664,
9162758681,
9136723352,
9906151673,
9392303317,
9927255229,
9393320771,
9377899536,
9337973451,
9211763874,
9388586767,
9147858128,
9024898611,
9928931916,
9356074335,
9144304701,
9182511761,
9178787828,
9221353495,
9133550701,
9139521687,
9035202250,
9057051118,
9907173628,
9917329893,
9938111502,
9194121045,
9925582372,
9127453915,
9308540244,
9369656325,
9015585905,
9144200578,
9054046305,
9163775683,
9126154356,
9172801174,
9359053507,
9919234495,
9902627403,
9352935102,
9229707556,
9914249083,
9144041456,
9337909075,
9021603432,
9939133467,
9385943693,
9020619093,
9156195928,
9120286256,
9191599289,
9938865776,
9910012449,
9111437922,
9057512636,
9359978610,
9908747263,
9035423971,
9119801234,
9197878154,
9162961571,
9381281700,
9045990573,
9373647097,
9932996077,
9368221806,
9339881815,
9016274679,
9152029485,
9136078461,
9022527771,
9036252738,
9046967506,
9912802719,
9338220178,
9035664656,
9136823627,
9157607657,
9176702115,
9124018954,
9375455768,
9385039246,
9920917617,
9918933122,
9367762231,
9143541050,
9036857085,
9155908997,
9156031023,
9365048139,
9197685950,
9025598869,
9368210537,
9141042520,
9933831032,
9142354294,
9052261530,
9938051055,
9028566896,
9015274902,
9229721535,
9394799562,
9396318865,
9183718268,
9139305134,
9135653960,
9301405885,
9935578730,
9022058329,
9386951678,
9141782572,
9191752824,
9918624100,
9184545862,
9361251572,
9910963733,
9384778345,
9144904938,
9173667281,
9302447077,
9150927644,
9928195612,
9903815706,
9364221452,
9907653720,
9919090472,
9189787029,
9016505301,
9907191201,
9173559072,
9300419153,
9393386663,
9015889869,
9108176035,
9133031620,
9372919045,
9183236328,
9159631417,
9374137273,
9030219508,
9134600993,
9909705737,
9112258852,
9109133809,
9223261061,
9304919929,
9177364420,
9356322770,
9165596001,
9379459367,
9963586693,
9923758440,
9213542146,
9154030502,
9186464151,
9143425922,
9165613010,
9037383075,
9353041688,
9016536903,
9130337123,
9911321107,
9370038728,
9153176125,
9135656471,
9339434894,
9158517190,
9381556022,
9364548730,
9360261431,
9381500654,
9339769287,
9022751919,
9106918676,
9028244863,
9303595238,
9904855763,
9358385834,
9900278475,
9028282315,
9121971541,
9173973151,
9355291341,
9339638042,
9185288503,
9922100737,
9113809193,
9155832876,
9370999115,
9056083616,
9142905662,
9046375460,
9963484910,
9145606994,
9354381349,
9369066100,
9179631135,
9015141174,
9903460527,
9122627059,
9381249478,
9158636658,
9012191982,
9380450188,
9907507537,
9112274161,
9300238626,
9365157788,
9109446575,
9031697832,
9013787746,
9017831373,
9361661578,
9302376246,
9902820736,
9359641719,
9910306855,
9203772535,
9129351687,
9231817362,
9113001975,
9354129528,
9211018861,
9211767893,
9364577136,
9175056313,
9380170817,
9179925683,
9334876120,
9906174640,
9374559316,
9156870870,
9114711126,
9114982070,
9009270936,
9944067210,
9051583853,
9120516107,
9017951545,
9032561969,
9905492210,
9046331605,
9120084811,
9146397522,
9909439008,
9126586143,
9913525573,
9157788984,
9380926401,
9019465990,
9330123503,
9163719676,
9122813394,
9051170890,
9144240839,
9302471932,
9307237564,
9302477725,
9924423446,
9377306426,
9397244780,
9183046386,
9184177913,
9308219494,
9058145038,
9194978026,
9114791979,
9111961361,
9157544010,
9039420139,
9155716885,
9191669217,
9135414320,
9362140361,
9211938315,
9032033689,
9960148048,
9194204689,
9385185347,
9024611160,
9369661350,
9360688414,
9173156139,
9145346672,
9908478074,
9154897991,
9141047316,
9193341033,
9961334699,
9917783911,
9376592585,
9394346020,
9193449214,
9136831097,
9034791369,
9308517837,
9309903614,
9939435168,
9152225406,
9999241011,
9012923074,
9926856632,
9936749793,
9352674083,
9182020409,
9117270997,
9355243965,
9900495793,
9182189799,
9026660195,
9019153633,
9122377644,
9339172561,
9933738122,
9019186008,
9169921394,
9031577606,
9131108204,
9153756308,
9922733356,
9357567066,
9127673552,
9195224483,
9034068283,
9019911794,
9152274341,
9966485929,
9117839265,
9909848901,
9366283959,
9029026620,
9129886602,
9171920703,
9932215260,
9138570649,
9149287843,
9966583150,
9112446018,
9140917114,
9182581315,
9134276115,
9134109409,
9913039606,
9354866088,
9363666256,
9192589296,
9182834248,
9150552850,
9154741925,
9153228292,
9155978835,
9367476775,
9930977611,
9930693730,
9390572003,
9982432165,
9146642686,
9046903557,
9923058009,
9031006487,
9391602861,
9122688251,
9158583775,
9910535131,
9962721452,
9932629454,
9056054063,
9941478719,
9123009626,
9184359953,
9938289728,
9357141186,
9016943901,
9176206470,
9360906810,
9309147714,
9186682835,
9921059209,
9919728983,
9148660774,
9210486945,
9376002310,
9133678837,
9164181655,
9900975164,
9058569048,
9370450286,
9309740354,
9044274353,
9923590411,
9356719885,
9105941121,
9380779392,
9982255622,
9153348861,
9018731389,
9144123715,
9196024348,
9302133251,
9139202830,
9206463644,
9391120930,
9178584759,
9143573874,
9360345762,
9912083715,
9362341381,
9962104846,
9397378959,
9372657124,
9903531338,
9308279265,
9366421536,
9136082720,
9391960658,
9365859994,
9333795156,
9300643795,
9037383949,
9112758201,
9376418393,
9910727518,
9146906086,
9143619328,
9025289961,
9933318955,
9111439229,
9039821676,
9217605246,
9177851735,
9142560561,
9302641713,
9034656921,
9390812227,
9024121991,
9192972212,
9391759199,
9216880870,
9167692132,
9216727071,
9371724128,
9170880485,
9395503430,
9395533425,
9159433466,
9302014382,
9023892545,
9361879308,
9127392467,
9160543069,
9170028279,
9123816148,
9939573165,
9364487565,
9945807166,
9133006910,
9056208202,
9391667827,
9196782185,
9103987358,
9164960193,
9134246194,
9127962034,
9386565881,
9359077690,
9358564190,
9938721071,
9332320264,
9150260970,
9116341380,
9054169891,
9182145154,
9040734375,
9015747035,
9008664156,
9931460639,
9363753546,
9120135865,
9123985246,
9309512417,
9104009098,
9044068149,
9195966426,
9386882468,
9177642811,
9916912475,
9201800454,
9011565360,
9222857838,
9307436575,
9125866783,
9116702745,
9147882819,
9131631728,
9029419482,
9386486797,
9960711760,
9331188202,
9050140264,
9382153559,
9907740231,
9300367270,
9981587058,
9360263213,
9035645621,
9157281686,
9142552330,
9127211552,
9184935969,
9183433731,
9125416158,
9373103889,
9388161099,
9147880270,
9162144208,
9334783908,
9925120471,
9388260516,
9919930475,
9376255695,
9300551260,
9136974938,
9192391317,
9167685763,
9130085022,
9027629915,
9332338055,
9308963608,
9117434592,
9339236707,
9388763734,
9009092535,
9136394219,
9127494583,
9909450560,
9181710136,
9013498854,
9350697258,
9918697679,
9223237703,
9337396351,
9022898400,
9138707310,
9123992502,
9308814104,
9392321724,
9394647579,
9929994981,
9175979725,
9155467196,
9132626748,
9107471713,
9190430576,
9162054207,
9931830926,
9159124928,
9378380223,
9928482438,
9375980420,
9148680573,
9355725736,
9127131406,
9170680371,
9145588258,
9385073607,
9160281043,
9185100987,
9936193677,
9175176174,
9334097946,
9174263134,
9907333808,
9145519772,
9901469108,
9104587936,
9168544911,
9304741469,
9981151791,
9224640177,
9380918488,
9911552494,
9131147731,
9334653056,
9054280188,
9029647603,
9036405509,
9935241532,
9217933827,
9036265806,
9017963202,
9330132899,
9156878110,
9138144435,
9051149274,
9114793244,
9185612329,
9128430443,
9186682249,
9379746869,
9335171645,
9361919875,
9055521669,
9021621474,
9031728183,
9123463707,
9167585049,
9363491635,
9380199320,
9901504534,
9159238235,
9906591594,
9360748755,
9141522114,
9222870733,
9367392077,
9377910031,
9155808890,
9385430206,
9962383415,
9379759523,
9158207152,
9358699596,
9031694124,
9056059625,
9308570959,
9046409411,
9154728825,
9921634410,
9964453788,
9189187818,
9158345875,
9358633030,
9133389225,
9149976485,
9033336446,
9022551008,
9178589680,
9141583179,
9015963460,
9198040344,
9140919419,
9306602877,
9142900485,
9375248813,
9366432050,
9100116761,
9966025121,
9135389121,
9141905103,
9187603015,
9189358345,
9039434876,
9907743474,
9178146903,
9393064039,
9355206170,
9192202162,
9933974221,
9189722157,
9158968239,
9378890637,
9051399289,
9013884919,
9156375548,
9901302148,
9300870649,
9398182801,
9936194869,
9185735495,
9232498804,
9182288829,
9930886814,
9144115603,
9390541966,
9398402541,
9308237680,
9043699353,
9131291261,
9022032736,
9144875765,
9149281724,
9147474116,
9112742851,
9303303261,
9901786547,
9379508024,
9119625272,
9134958895,
9153175075,
9368305002,
9148062279,
9106496733,
9155055302,
9232748343,
9120719070,
9035420087,
9397204705,
9192999195,
9038023155,
9144460856,
9393739194,
9134906901,
9391221516,
9935593720,
9300567768,
9036517377,
9927457982,
9173104469,
9306918752,
9104829730,
9017759274,
9120319108,
9059902149,
9018102530,
9392454195,
9399779086,
9912959425,
9203905926,
9152391108,
9914308890,
9176069107,
9357674026,
9378806767,
9151159524,
9025867505,
9157138475,
9173710780,
9029407203,
9922723630,
9356121273,
9034813368,
9155245629,
9154670788,
9189536990,
9910890236,
9358178232,
9387287468,
9143959179,
9165951385,
9138240862,
9303111941,
9905617785,
9152691647,
9125536541,
9136303629,
9021623032,
9172396773,
9212099620,
9221696835,
9355515801,
9368569028,
9358597255,
9379571990,
9193151482,
9333193920,
9125461727,
9105620149,
9365619536,
9911547184,
9910554864,
9362374312,
9123986657,
9301970924,
9103849726,
9374607046,
9212778562,
9320688986,
9900934240,
9165177409,
9198329622,
9358285060,
9383233971,
9300898328,
9365453948,
9013520169,
9142539022,
9371921566,
9189936936,
9395224501,
9020574679,
9960742646,
9918764656,
9940411160,
9141881090,
9926323489,
9392731815,
9130063397,
9307002057,
9145777010,
9397384682,
9198304067,
9928771581,
9179617192,
9331572536,
9155584840,
9367201887,
9364542452,
9199642691,
9222615729,
9015748156,
9156703143,
9196546474,
9100596092,
9104070500,
9153324172,
9152980420,
9132539013,
9915539238,
9393776510,
9210959496,
9028668647,
9227646078,
9223245272,
9137704072,
9104562690,
9928732415,
9109697222,
9141544689,
9138188121,
9117592344,
9386045877,
9930973144,
9917137875,
9928844936,
9199999999,
9020591090,
9185879338,
9129739573,
9123054052,
9145014907,
9356267904,
9300738699,
9124079556,
9383443634,
9382103251,
9354491229,
9028143170,
9126766831,
9111376104,
9359711778,
9168830665,
9352500678,
9925097872,
9376419306,
9924227892,
9210928907,
9330733350,
9107210901,
9014906307,
9367823304,
9050896923,
9223121570,
9929468640,
9925606879,
9373849614,
9108564684,
9126384171,
9012227650,
9913546898,
9172585915,
9396085123,
9017868228,
9360178814,
9014680194,
9360115375,
9361107444,
9123718206,
9963271978,
9385567698,
9143850487,
9384129545,
9305051460,
9143086772,
9373771577,
9923586659,
9378958985,
9141076815,
9135492618,
9057644126,
9360990859,
9146157987,
9305190910,
9363529199,
9395145850,
9907648559,
9999928716,
9015575079,
9191357369,
9173324374,
9907656929,
9017188280,
9192407139,
9901476636,
9115097161,
9192459855,
9369697828,
9151700983,
9932691152,
9190574995,
9051528663,
9339014297,
9030939206,
9189761997,
9331298039,
9133778715,
9012851306,
9365823636,
9135198140,
9368750689,
9358339693,
9129330510,
9131666985,
9398762960,
9927543234,
9156861142,
9118547721,
9379475755,
9167306208,
9131916174,
9121718658,
9389438508,
9211014045,
9103098842,
9134564487,
9983345678,
9144426635,
9931583640,
9028363242,
9374190675,
9302106229,
9160179614,
9910593072,
9104904932,
9368619877,
9366268325,
9143551960,
9187073920,
9141472883,
9338282330,
9963114759,
9381139824,
9355346704,
9363283138,
9030978121,
9390534368,
9105080375,
9211543065,
9124254003,
9173068212,
9383939963,
9158492124,
9917080260,
9053746239,
9190066927,
9143442082,
9372291399,
9374893376,
9926143974,
9139979480,
9365229555,
9386342217,
9176496047,
9013494096,
9170506958,
9155163081,
9179943683,
9189638966,
9304549018,
9357362420,
9923804817,
9991266491,
9123373137,
9204310038,
9224363661,
9399967260,
9229096044,
9929578259,
9213688789,
9019805641,
9120308227,
9125847097,
9139821564,
9133563563,
9213162140,
9128947787,
9900405635,
9362792867,
9129249279,
9374595201,
9155657905,
9303642274,
9221606765,
9211788473,
9037415150,
9334594277,
9214301760,
9908690036,
9938761023,
9378470057,
9118509302,
9391801001,
9333896998,
9900435387,
9057744023,
9157679065,
9932352126,
9133404750,
9338271006,
9307912144,
9331464386,
9128215306,
9138063568,
9148789240,
9123309836,
9231276342,
9301869899,
9360576736,
9357822902,
9358948272,
9155657528,
9910343665,
9303209945,
9010479242,
9149837029,
9361725136,
9350727224,
9935520535,
9380545786,
9371708856,
9032714225,
9353449837,
9910961015,
9157046392,
9388804882,
9302074131,
9170916308,
9940841725,
9396629531,
9171209636,
9143164099,
9186969572,
9109024561,
9151981866,
9334973293,
9904460662,
9123240280,
9357445925,
9162365691,
9964825017,
9362259367,
9936965534,
9366897462,
9154092825,
9307458120,
9107707509,
9355776206,
9357768212,
9153804259,
9920957404,
9916836205,
9137277833,
9306061816,
9027176654,
9392408864,
9928481158,
9013176172,
9905513622,
9119660432,
9134725299,
9197069504,
9912058287,
9332135502,
9198330400,
9917777015,
9025867566,
9124269901,
9177601382,
9355982224,
9391660057,
9123673489,
9938370136,
9920644360,
9923124175,
9149765097,
9226168766,
9056977465,
9023378279,
9376711675,
9380173952,
9364395915,
9160341589,
9101586502,
9380463025,
9212810911,
9153486578,
9354510101,
9171760750,
9934346104,
9184588608,
9146392562,
9160970643,
9158196728,
9147560213,
9138898407,
9125208920,
9227156341,
9364139207,
9391186528,
9155855866,
9364169167,
9356241116,
9141102090,
9743246754,
9367584838,
9966226751,
9020768443,
9132619078,
9124287618,
9130713590,
9393791226,
9214269304,
9350557157,
9038137279,
9176034284,
9365360336,
9158050537,
9221684252,
9104949706,
9035500046,
9199752363,
9332022008,
9963560551,
9307374265,
9124842445,
9014393633,
9157801597,
9107428580,
9112930549,
9384413446,
9214882106,
9128299975,
9102030682,
9332388305,
9305189205,
9383847745,
9963947713,
9138119110,
9981414355,
9921886769,
9373063805,
9165180531,
9371625675,
9124474506,
9169231374,
9190940954,
9922932774,
9132165748,
9360142112,
9355751155,
9103157269,
9117904939,
9213509428,
9339608565,
9393147900,
9189710804,
9187388740,
9059951200,
9157269679,
9149184191,
9337143247,
9330262788,
9385288988,
9339586193,
9147573378,
9336233491,
9176446003,
9147068950,
9921921749,
9102197683,
9366657361,
9015016115,
9020337534,
9130519172,
9366645471,
9370345455,
9361790217,
9915822365,
9216714808,
9900360494,
9364936774,
9120954001,
9055961040,
9922301703,
9182545223,
9119990317,
9925416788,
9337536583,
9183404842,
9171020445,
9155727918,
9220209190,
9013418290,
9363587142,
9960089061,
9189806899,
9118684659,
9376496533,
9933858570,
9044430127,
9153756301,
9038702180,
9361803231,
9212912782,
9148543090,
9145172196,
9924853821,
9136386247,
9146057277,
9117265193,
9036583555,
9388710571,
9117197731,
9211279891,
9123588124,
9384986240,
9374999813,
9925845420,
9146677896,
9153443669,
9145813609,
9120706156,
9031116725,
9366614551,
9152399765,
9921364672,
9198840346,
9338491439,
9305481414,
9910510359,
9183043386,
9218512256,
9155315059,
9019156849,
9138586921,
9116789401,
9159236372,
9109446385,
9374202399,
9221031729,
9121902142,
9147571799,
9191501612,
9382794897,
9384540202,
9130776614,
9196766552,
9919320576,
9399011853,
9039084088,
9153436219,
9373305509,
9150901065,
9920684969,
9153620421,
9385632346,
9917402001,
9303376962,
9058406109,
9374359622,
9370498424,
9039386197,
9378704800,
9370260322,
9999128330,
9381267244,
9380290989,
9930580095,
9213127993,
9012605837,
9100685135,
9153495618,
9044464428,
9134044220,
9391009260,
9335105252,
9923612615,
9358654569,
9375541386,
9159739160,
9358500041,
9361925882,
9038519946,
9360836214,
9196641028,
9022658557,
9372278318,
9141575205,
9177254736,
9391010892,
9188788201,
9146238905,
9121022484,
9011891275,
9152174005,
9156335187,
9184868501,
9231097499,
9133368919,
9300622768,
9389529077,
9374892789,
9305893615,
9368868180,
9111400936,
9367983536,
9125702248,
9386764422,
9101020268,
9134442079,
9908512860,
9929193353,
9032370755,
9361516816,
9001415231,
9164520105,
9148893631,
9215856156,
9139148037,
9101887470,
9397232697,
9100485011,
9196141632,
9399735699,
9398065664,
9199952131,
9189448678,
9154769622,
9011576080,
9219564359,
9912254459,
9146726541,
9152781809,
9103207751,
9218151935,
9366963768,
9153746811,
9051263243,
9218428535,
9922254199,
9939124117,
9128983936,
9011406654,
9141591564,
9963442656,
9131031057,
9139619516,
9381702566,
9160131258,
9016172987,
9037652397,
9129289461,
9351909445,
9204131235,
9932023414,
9225801799,
9213254678,
9196716985,
9810012449,
9366212538,
9359758549,
9358135771,
9233164416,
9144192201,
9170527547,
9021428716,
9145612903,
9173112212,
9142882019,
9051068522,
9128362832,
9156034649,
9034790568,
9023853217,
9199344825,
9397554671,
9339070902,
9059592885,
9382670051,
9196107737,
9142297029,
9121346335,
9933795063,
9937732685,
9360322623,
9981943244,
9144797843,
9334694460,
9171091585,
9917429501,
9211558461,
9146889360,
9121789176,
9218089353,
9382631358,
9373342360,
9137792019,
9191964604,
9227504642,
9369804882,
9396185067,
9113185921,
9398797870,
9115365408,
9356033446,
9122687696,
9189369373,
9370908697,
9305153587,
9336844935,
9385522584,
9379290226,
9925648144,
9213627062,
9187778086,
9213519858,
9300254932,
9356337065,
9397559315,
9352670664,
9927084516,
9305422771,
9160061544,
9923530684,
9999008658,
9012851955,
9055902772,
9058634119,
9133904190,
9391824552,
9923236168,
9912600118,
9055185817,
9201386104,
9380304162,
9025355649,
9127654521,
9172336030,
9139219504,
9102225505,
9127117781,
9104426873,
9020901072,
9134579102,
9033717900,
9380727550,
9136057025,
9221231558,
9923711602,
9173132192,
9922395094,
9137359511,
9197158793,
9377827700,
9123170177,
9351707912,
9381892725,
9370081346,
9144074132,
9021208891,
9177297422,
9137629709,
9033276921,
9151209746,
9963580502,
9381279885,
9391051099,
9191563696,
9358866581,
9031553257,
9981500023,
9019177233,
9915107383,
9962694094,
9140857311,
9155149964,
9918167465,
9377328263,
9019673231,
9021613330,
9144564643,
9399260525,
9111212121,
9157366703,
9013121591,
9222623117,
9125627105,
9365653082,
9215899684,
9120392863,
9045241685,
9925689601,
9035274606,
9210098913,
9148014558,
9034716620,
9964913523,
9198694337,
9908571055,
9167755587,
9135251379,
9371430948,
9170636161,
9132806328,
9385371608,
9965612577,
9361363016,
9102367736,
9177610817,
9379199978,
9907721842,
9035770644,
9917844697,
9117223402,
9053766031,
9389541661,
9375837889,
9171608742,
9101500498,
9370520021,
9136253522,
9146522231,
9137360715,
9021495129,
9369383475,
9136830629,
9116162794,
9397754685,
9155013340,
9017300733,
9924596056,
9399555870,
9166027065,
9364412821,
9231275266,
9141838540,
9153368199,
9167653949,
9381742622,
9393533208,
9159594274,
9013577599,
9918440536,
9901144362,
9142294026,
9374909906,
9334400124,
9144405570,
9935681393,
9390372763,
9027181772,
9159466569,
9364465205,
9192884423,
9921079373,
9012615534,
9919603568,
9365480519,
9127797658,
9144505076,
9133343491,
9029190737,
9150828021,
9172466802,
9144370664,
9032008254,
9962508994,
9192957630,
9303810100,
9353964586,
9944370282,
9903745262,
9109057566,
9153751587,
9124337228,
9134912838,
9921934232,
9012377146,
9392137538,
9382034832,
9144695619,
9135141687,
9210491640,
9398463971,
9366668984,
9142983295,
9383482710,
9304907268,
9147598342,
9945583498,
9126881370,
9102928875,
9117681270,
9055291741,
9923531578,
9926576539,
9965265828,
9308140370,
9940708192,
9102194769,
9001451120,
9366046442,
9154873859,
9906523016,
9176296304,
9115858471,
9363721978,
9187655029,
9105623916,
9185212373,
9118009507,
9331103215,
9028511823,
9014224976,
9120568430,
9362753644,
9357760823,
9915001690,
9012198145,
9378529028,
9358600396,
9901717523,
9022717021,
9017715420,
9109835121,
9022414224,
9179917981,
9182084401,
9360655565,
9375693940,
9122113558,
9115669334,
9931720255,
9926788009,
9144091646,
9334436327,
9920790998,
9133636357,
9132011830,
9193370354,
9157958211,
9132148371,
9214880452,
9384958994,
9128492152,
9233693327,
9211287833,
9369396902,
9167024804,
9109190081,
9399436820,
9309722799,
9228191283,
9188385966,
9966587104,
9918798162,
9010888077,
9336490034,
9383847760,
9903758738,
9375400448,
9387094918,
9392362821,
9164900324,
9380212969,
9901380995,
9380742322,
9173070923,
9919768830,
9053268299,
9929813069,
9129565429,
9146983452,
9211255459,
9397149089,
9155752001,
9907424013,
9132687919,
9920230680,
9031473122,
9140323603,
9991570727,
9136410453,
9116214176,
9176465831,
9036421071,
9366362375,
9337036799,
9353711618,
9183041844,
9942553457,
9339568183,
9394048778,
9147708076,
9026090077,
9360473282,
9198944372,
9137552725,
9201081200,
9391566062,
9900346573,
9157955062,
9938536031,
9137805011,
9214106656,
9366437196,
9212973500,
9390309843,
9303807987,
9178273429,
9366390751,
9101425416,
9012880304,
9050873194,
9301085374,
9188432513,
9221286636,
9141000063,
9190750650,
9921666623,
9941228331,
9304062925,
9211828371,
9133716410,
9358804019,
9364584284,
9158095609,
9300082577,
9120358250,
9226369913,
9906789783,
9186924244,
9133529416,
9216131665,
9399825254,
9966774096,
9912081676,
9355562396,
9920551409,
9374349414,
9162603581,
9915444833,
9019024332,
9358269887,
9914108924,
9392479685,
9013902970,
9364048716,
9121268313,
9017027386,
9013687838,
9356789987,
9378141592,
9392875189,
9939135876,
9031027967,
9171025215,
9162132511,
9226362935,
9123621797,
9182160233,
9903815526,
9927358751,
9905436943,
9172681725,
9037720528,
9143039952,
9128402991,
9102668808,
9379909110,
9369394341,
9022912216,
9303943477,
9924925722,
9338433984,
9928489942,
9052758201,
9307447376,
9115326912,
9028231903,
9158582190,
9131952061,
9375201517,
9363869358,
9307760961,
9370336632,
9045762254,
9132069354,
9939776033,
9135429176,
9399118653,
9397005280,
9146244497,
9132617137,
9130160372,
9360104186,
9197253840,
9111721388,
9026735261,
9180893459,
9358737111,
9214819042,
9132966737,
9182048318,
9338219134,
9391111111,
9961774517,
9381848231,
9183434712,
9113691831,
9156676790,
9106720231,
9131055410,
9122306505,
9393607677,
9145099671,
9135524511,
9156364229,
9392041370,
9178122599,
9924936429,
9124149700,
9108177909,
9193482688,
9147411309,
9366031522,
9153566094,
9365224669,
9171760340,
9144095945,
9104501505,
9183639851,
9024694958,
9155019983,
9125807368,
9035371413,
9051502583,
9389778089,
9358928863,
9330602597,
9931005346,
9385346371,
9388551137,
9192107687,
9367196301,
9354504481,
9154953133,
9118947291,
9028469930,
9963802529,
9145192949,
9106375349,
9149551578,
9165563285,
9105564274,
9386885340,
9128180857,
9103767380,
9221459291,
9183751264,
9109785398,
9184960853,
9036280018,
9169395147,
9353752622,
9164507947,
9981537690,
9197045001,
9017668089,
9112942448,
9334335565,
9179292065,
9182194211,
9148395739,
9935103012,
9159672517,
9301899684,
9117998313,
9014391500,
9909556213,
9196663240,
9964233317,
9938888453,
9142966919,
9389171092,
9154775659,
9383645509,
9393168421,
9017891611,
9330723262,
9397073422,
9355365330,
9189020822,
9309139338,
9120916131,
9216743473,
9010392903,
9386896818,
9308127410,
9027523300,
9031213025,
9128432049,
9991742344,
9043016432,
9211756873,
9301109608,
9905864090,
9981986404,
9921400122,
9962802969,
9174798537,
9175621601,
9159318739,
9145060923,
9351888430,
9189188194,
9172738942,
9163722289,
9044604943,
9173209638,
9052734879,
9376998741,
9911552491,
9148180335,
9392303671,
9022220254,
9016546605,
9398005405,
9103948903,
9330175497,
9367251809,
9351762077,
9308688230,
9370712519,
9332900224,
9303769015,
9378200740,
9123446785,
9113295358,
9144505856,
9198992133,
9369090745,
9127322604,
9184411846,
9336399861,
9029777018,
9212816418,
9123661611,
9301845197,
9937350443,
9152511151,
9033422530,
9139797421,
9122051865,
9214156049,
9101627532,
9981179689,
9126035459,
9395530204,
9022860930,
9189627626,
9373617930,
9372725055,
9387095988,
9016977104,
9982499550,
9174373792,
9212037485,
9365455664,
9158813267,
9137177990,
9304741680,
9368857625,
9351953883,
9372556174,
9332686834,
9147403047,
9902344388,
9126010578,
9367543291,
9223283970,
9399059267,
9360235200,
9917870183,
9351971784,
9017386638,
9335149327,
9307344535,
9113795802,
9156216590,
9199521055,
9941711419,
9020330623,
9016525802,
9142606184,
9135378381,
9930280923,
9336594981,
9938441377,
9364198515,
9017405545,
9336029317,
9052199300,
9397341966,
9923914439,
9120141124,
9126455600,
9046803053,
9384754565,
9387216263,
9132425481,
9930728957,
9193200711,
9022073409,
9055851848,
9355117511,
9161680016,
9929529705,
9332315181,
9398061347,
9159802256,
9148528086,
9305487621,
9384734129,
9925043910,
9006200692,
9302362497,
9930340273,
9177799476,
9184075692,
9908633728,
9055207709,
9202041430,
9059365568,
9189639396,
9138833025,
9201939963,
9935108149,
9143912259,
9122491781,
9218756232,
9301146156,
9359490221,
9056557880,
9931729389,
9300578935,
9967456511,
9966254262,
9132531969,
9145655330,
9901832900,
9015560678,
9154431944,
9305077701,
9191501434,
9036352224,
9176857880,
9107575208,
9370779433,
9132068953,
9016174318,
9022719534,
9393121313,
9030239407,
9036276597,
9058354050,
9122955316,
9193692189,
9143161090,
9029145412,
9037401056,
9109678720,
9220774694,
9179383972,
9107452413,
9145612092,
9020992683,
9337321000,
9330529117,
9963400165,
9134242384,
9157014947,
9375087812,
9392476423,
9337485511,
9108785620,
9106470788,
9195450515,
9336525142,
9981040034,
9381490044,
9378816112,
9361712328,
9015629987,
9039698854,
9397707095,
9215975258,
9919825985,
9116608419,
9140564112,
9152450125,
9024715992,
9961036657,
9160685818,
9334144163,
9216639064,
9393196162,
9182813660,
9145110083,
9999923624,
9123947195,
9183714804,
9133808342,
9138721451,
9120154932,
9058040133,
9371400711,
9214441234,
9212457108,
9164929460,
9127678019,
9038044983,
9038498814,
9197638765,
9187162421,
9359828779,
9382631608,
9212238129,
9114214234,
9050224833,
9300441941,
9126959379,
9129552381,
9964335605,
9187430448,
9377432198,
9010949260,
9382375584,
9028222848,
9229644834,
9169571395,
9396173711,
9134268750,
9128109687,
9383156640,
9383060822,
9119601987,
9222541173,
9033697449,
9196147806,
9160298843,
9229810918,
9388278124,
9128497099,
9945992602,
9355004335,
9364167613,
9232994767,
9146316635,
9148052482,
9965748533,
9211179279,
9905150400,
9197472732,
9151259664,
9300329900,
9176673247,
9336287272,
9113721630,
9173412631,
9038438367,
9393252629,
9999381192,
9914097966,
9155774200,
9390817443,
9027270222,
9153124497,
9383182433,
9172668892,
9190704989,
9925249482,
9213464925,
9306641167,
9123457801,
9012366901,
9142814581,
9135801090,
9932995619,
9389958680,
9157383789,
9938071812,
9368238816,
9109768717,
9356785118,
9356262826,
9924498394,
9231076106,
9999537315,
9039851638,
9305586882,
9015998975,
9052571095,
9211275799,
9116592024,
9916913101,
9170991086,
9153332753,
9360452546,
9399376580,
9109290126,
9394663527,
9380073141,
9914576825,
9920252099,
9927962321,
9333921480,
9173449322,
9904404523,
9931645442,
9024277814,
9132068100,
9306870771,
9149207437,
9125537741,
9134983485,
9362776797,
9059735136,
9112445732,
9352473566,
9137412039,
9145575034,
9143633681,
9935167175,
9231098193,
9359177815,
9101760508,
9901686961,
9127856287,
9022506242,
9382852244,
9136645900,
9114583238,
9371702484,
9115755813,
9029322037,
9369592383,
9171230020,
9123152061,
9174584937,
9191945265,
9939477003,
9138688830,
9169530506,
9361863282,
9030568782,
9364303824,
9148402472,
9178716529,
9361530595,
9017841043,
9151174514,
9199742689,
9159273043,
9156609396,
9135572713,
9133884558,
9179789861,
9036918501,
9333057504,
9392375884,
9141686995,
9182679576,
9180832561,
9397811418,
9390219183,
9106099358,
9925740733,
9130367912,
9130039643,
9913045316,
9121462763,
9108524989,
9138664773,
9393049762,
9029882412,
9928615449,
9180130375,
9937865410,
9223739133,
9137129953,
9151582082,
9927141320,
9188464439,
9118485878,
9012354088,
9152607210,
9231812447,
9960928808,
9227630754,
9029301559,
9157367353,
9935792683,
9221904254,
9965708935,
9381006214,
9158013978,
9050529035,
9019106939,
9173642419,
9151940915,
9210299417,
9335694691,
9386649609,
9154087688,
9136964633,
9127281186,
9351838448,
9191014458,
9194249045,
9014662292,
9151830218,
9168735998,
9184260325,
9379656311,
9338748052,
9367321500,
9146544108,
9382931133,
9157623314,
9391977808,
9010274551,
9117780068,
9357925130,
9374375192,
9037076931,
9370683908,
9180186086,
9308668301,
9966926575,
9352250224,
9147413430,
9026389170,
9375389433,
9120187599,
9390719294,
9138396135,
9130506576,
9022192779,
9210884069,
9102420679,
9193536856,
9132752294,
9194510538,
9128545485,
9014336312,
9360555738,
9308199137,
9030491245,
9354620841,
9913800445,
9999019502,
9399553034,
9020887989,
9941513122,
9379301254,
9050211318,
9355905521,
9149169848,
9338874890,
9308715474,
9361309629,
9124497248,
9354078890,
9222181774,
9159713485,
9182003312,
9190166164,
9171401330,
9352516355,
9140808643,
9306310809,
9399126826,
9935665503,
9124614405,
9056074239,
9010201212,
9134794516,
9361796701,
9168116391,
9907695932,
9395315923,
9941902883,
9384280490,
9038992662,
9928176756,
9181421007,
9105521836,
9354740740,
9396507233,
9148610564,
9017366581,
9104582848,
9213473139,
9012556573,
9369638802,
9148020902,
9362786159,
9998704707,
9145170298,
9013548975,
9300426014,
9965873052,
9137069742,
9014609296,
9100124145,
9146545102,
9364465456,
9010812545,
9917242764,
9135106317,
9963714595,
9904140048,
9383825169,
9116728954,
9372850456,
9131451680,
9198309146,
9014197694,
9366961185,
9138482578,
9185538358,
9046105193,
9911475705,
9143564132,
9146987561,
9183141793,
9936025395,
9920186896,
9140043602,
9361652513,
9154749682,
9330233787,
9195228194,
9134309597,
9055758409,
9303419011,
9176253016,
9160493045,
9037062468,
9999845929,
9918885803,
9115451479,
9107443432,
9368687161,
9157520559,
9378481375,
9999980177,
9302178700,
9213652514,
9372843888,
9117762093,
9166629821,
9133113714,
9154383867,
9156541202,
9022957197,
9050782198,
9037948835,
9382063981,
9332816623,
9186892245,
9145521204,
9164968863,
9361113760,
9333253797,
9017957562,
9169316018,
9057267895,
9384330767,
9131003640,
9132175430,
9215624564,
9390899466,
9154307177,
9393219811,
9187922804,
9120494335,
9135237815,
9187335516,
9153160162,
9383438148,
9124205840,
9011908397,
9036750316,
9131142926,
9149012051,
9119064292,
9206049007,
9301738715,
9393244042,
9391042713,
9036556316,
9159513656,
9103914086,
9378600533,
9914678262,
9142999344,
9166919358,
9179682645,
9125457329,
9919925411,
9149423812,
9374027071,
9138280800,
9387142188,
9143084568,
9168258704,
9360993605,
9334336903,
9921022482,
9173793148,
9122879600,
9385891355,
9215563473,
9158664221,
9117805246,
9352195464,
9207101903,
9034239232,
9108382855,
9134674851,
9900189816,
9381734857,
9304330398,
9910734558,
9933804460,
9227029529,
9052269891,
9023137188,
9916333162,
9143066722,
9014255220,
9308489283,
9352516356,
9383476339,
9913139532,
9300077474,
9382570622,
9351719246,
9177751608,
9962258501,
9187524398,
9153070239,
9370842623,
9054438742,
9138488122,
9134239173,
9162130869,
9335713466,
9214743462,
9393638806,
9190612606,
9383246303,
9215256028,
9138113986,
9033662673,
9395629424,
9147332344,
9934625739,
9011752311,
9359980222,
9102549445,
9128982988,
9218217230,
9114948649,
9936468677,
9922765742,
9916341302,
9107197004,
9144438013,
9913829958,
9181769792,
9038506524,
9379366368,
9157452056,
9398008698,
9122487132,
9144893120,
9033512699,
9185221238,
9172558741,
9377989692,
9393004759,
9130048355,
9101183288,
9397664978,
9380198972,
9135633827,
9220065645,
9931106490,
9351674680,
9999893277,
9145908958,
9332117074,
9149201936,
9915009960,
9380383347,
9229592490,
9909356800,
9383949278,
9367498058,
9231408840,
9381598954,
9116505044,
9904730122,
9187564074,
9913645642,
9148592988,
9197932764,
9300823073,
9123668808,
9352600664,
9361694969,
9226180137,
9131374735,
9215259027,
9114476236,
9148434991,
9905948974,
9011703303,
9902806228,
9148051783,
9362626644,
9931556589,
9156839525,
9201192898,
9149865406,
9306294318,
9379002810,
9120654953,
9368322321,
9225638004,
9399082101,
9138963007,
9907964954,
9147138785,
9903583365,
9131597659,
9920747785,
9109988681,
9170314059,
9354336989,
9177529380,
9194128490,
9309578811,
9935383808,
9102730496,
9136437062,
9392370526,
9370869823,
9173213135,
9022067062,
9120969691,
9034634511,
9371735060,
9361914332,
9175137742,
9144076452,
9013605337,
9175659108,
9904396765,
9921746097,
9128490345,
9360298140,
9120792761,
9052560536,
9999120114,
9373847343,
9217428969,
9112599610,
9124153625,
9963054262,
9354588063,
9026274324,
9912908529,
9214728627,
9109083025,
9925319910,
9173004675,
9397879152,
9393587701,
9920481214,
9386721786,
9054857915,
9365119518,
9135672485,
9172052764,
9919547153,
9355324099,
9385011252,
9163628183,
9173055966,
9173003071,
9196471657,
9908508654,
9219189068,
9307546553,
9120188044,
9194430395,
9111347359,
9145567056,
9376767699,
9911447364,
9127035157,
9211763473,
9141198860,
9393694181,
9938690979,
9394236146,
9219092042,
9051719692,
9908004653,
9126751776,
9001040407,
9053759830,
9365476252,
9194747379,
9214851793,
9227321384,
9131520218,
9148512320,
9395856814,
9381331797,
9210327753,
9308178839,
9139355387,
9391473714,
9903763790,
9376444554,
9900960788,
9372909698,
9163740257,
9037764900,
9058014188,
9190807195,
9024423650,
9394950611,
9936227240,
9383579551,
9966921014,
9371139443,
9392347115,
9332414784,
9922460500,
9921512520,
9012741898,
9902627408,
9334891273,
9221173645,
9102798801,
9153302944,
9032324500,
9164595599,
9172605938,
9154614340,
9015930526,
9123670284,
9202083182,
9306722726,
9363147790,
9122381668,
9119776092,
9126019267,
9039747382,
9136655296,
9148733767,
9910019217,
9055681255,
9179004044,
9144636524,
9369342761,
9164721374,
9046993595,
9363965487,
9372566688,
9904299965,
9923650271,
9224749363,
9012596647,
9382194046,
9385808035,
9170215246,
9144358683,
9114516105,
9164174867,
9921641315,
9902906467,
9185923892,
9019839556,
9309824840,
9015495614,
9369500465,
9146348740,
9331901420,
9127227929,
9125594017,
9129365179,
9301209547,
9134462391,
9337433051,
9032936131,
9054069690,
9131545687,
9188886100,
9057850909,
9101650605,
9129483052,
9330560256,
9034261733,
9302730097,
9373136598,
9152068061,
9119796317,
9918496253,
9366340300,
9301426826,
9369769696,
9033611281,
9334409735,
9191646308,
9056459908,
9124760383,
9306206972,
9378833632,
9357972405,
9123809569,
9056627686,
9212786826,
9305262899,
9031033431,
9188579979,
9120379694,
9104325503,
9128130567,
9147479532,
9365930524,
9107769011,
9170116142,
9904338056,
9142373648,
9901639736,
9182737313,
9102707108,
9017589633,
9222131462,
9033990670,
9191194755,
9372841077,
9029307149,
9916751684,
9926372175,
9367931964,
9195452899,
9309469140,
9016413937,
9369953606,
9371440655,
9199842998,
9012487929,
9123456672,
9216474346,
9217190579,
9376067635,
9198217225,
9394779270,
9132630085,
9361418145,
9395159545,
9374695943,
9936861593,
9104287975,
9391962018,
9927882100,
9136753250,
9017029925,
9158093177,
9932912660,
9300796479,
9122596833,
9191663179,
9127419196,
9198406727,
9035742477,
9127767370,
9134592881,
9216028656,
9367027875,
9379270559,
9380783020,
9915769300,
9379058966,
9138379066,
9339494979,
9354104375,
9127867456,
9394748863,
9963627464,
9931688491,
9389919720,
9301049980,
9960146205,
9353640668,
9214266481,
9391136802,
9925730545,
9137983292,
9382936787,
9171844680,
9193944017,
9051479398,
9202242013,
9170400698,
9127386680,
9945247037,
9372761670,
9224096420,
9203483251,
9217589634,
9010212611,
9136616844,
9052476363,
9133844272,
9379608646,
9903757513,
9163628184,
9058521143,
9221494530,
9307876979,
9936737936,
9119780422,
9357254001,
9160726474,
9394292232,
9374745102,
9162439936,
9015224008,
9961065322,
9375066388,
9131599423,
9369932414,
9912950780,
9354023663,
9122684008,
9359350288,
9919414437,
9374348715,
9301898013,
9223855720,
9355240382,
9361417840,
9132291355,
9136214451,
9134210703,
9180014556,
9231173012,
9154921040,
9142206614,
9178457925,
9189387661,
9140176782,
9191840217,
9103206722,
9108061307,
9334653858,
9338312253,
9146935563,
9921117086,
9926072185,
9383858258,
9124331185,
9195802351,
9305406860,
9148378403,
9307433317,
9309450100,
9143033974,
9924765069,
9385704247,
9130734225,
9193710436,
9911890210,
9389557399,
9144231830,
9351316916,
9907743472,
9058611174,
9178510081,
9300334352,
9931775394,
9365247454,
9101657715,
9930313854,
9931539896,
9155979009,
9925742604,
9037163430,
9147889971,
9156599720,
9933403169,
9385275267,
9156565334,
9127092078,
9128316550,
9354547966,
9217483029,
9035583066,
9134419297,
9374562983,
9999855304,
9038357867,
9022327113,
9132979310,
9129355909,
9153823138,
9029661016,
9010754383,
9025216449,
9128164486,
9226379864,
9334984158,
9367760979,
9366356362,
9217013930,
9157734507,
9381743136,
9121305701,
9121962191,
9397371269,
9137074990,
9185273343,
9902924620,
9198000427,
9929878931,
9373180213,
9180130624,
9017434844,
9331793107,
9917265356,
9127889300,
9351368618,
9912665611,
9386127490,
9195826967,
9960011736,
9332936861,
9189434858,
9179784662,
9053769563,
9338567324,
9920212308,
9370223817,
9189376811,
9908025761,
9385810768,
9929622619,
9366222071,
9302410381,
9170777647,
9224560422,
9147817468,
9131064095,
9016551290,
9351159025,
9222492274,
9355552868,
9336931042,
9330897671,
9330343315,
9142406840,
9145912717,
9926795509,
9381896865,
9163539921,
9913984390,
9117680901,
9395238235,
9132698678,
9132469349,
9938820019,
9172944211,
9915010912,
9222363310,
9179189712,
9149494690,
9205247513,
9143129726,
9178445671,
9907749720,
9168532990,
9938797202,
9365163527,
9187060753,
9358486249,
9916044072,
9012037787,
9377716699,
9301109545,
9029882904,
9037671017,
9127275277,
9367092363,
9188489447,
9010118487,
9351452900,
9038352784,
9334640054,
9028588767,
9366665950,
9383658102,
9186383041,
9174462068,
9933948793,
9932269278,
9358711656,
9364374838,
9924603155,
9168814523,
9207100313,
9193878351,
9017844749,
9136690607,
9054244691,
9368066706,
9165631365,
9911001636,
9374577797,
9913190119,
9138119496,
9333462336,
9337231943,
9357900501,
9021051004,
9991473728,
9125511568,
9363245139,
9172519794,
9908813797,
9333595676,
9113097054,
9386925594,
9396079661,
9302555651,
9922083143,
9910131138,
9011198474,
9309707297,
9384363015,
9928462265,
9026996217,
9218797418,
9021140054,
9185397911,
9923295627,
9133928220,
9378370749,
9355982587,
9038714803,
9112957147,
9136869527,
9029242114,
9141288326,
9932268200,
9028222537,
9966925173,
9144909202,
9355769955,
9363134002,
9129176813,
9014980852,
9184999270,
9186665793,
9170353909,
9022533262,
9335683649,
9217021410,
9174285330,
9209204928,
9235567432,
9963401256,
9302719926,
9183767480,
9136637404,
9178558099,
9219716795,
9214971101,
9908075210,
9134398021,
9372806657,
9902570612,
9361762936,
9115623944,
9961903823,
9916073667,
9148384976,
9170016805,
9964595992,
9198230700,
9363218970,
9146083701,
9377449171,
9374603899,
9188634840,
9178356731,
9190598188,
9022611194,
9922797470,
9196818243,
9130272707,
9020407442,
9365317463,
9300619125,
9335551245,
9150833800,
9167745194,
9961005774,
9361249550,
9372498887,
9055264612,
9109031942,
9192315571,
9965332248,
9921258432,
9363060895,
9141884917,
9045791674,
9366375252,
9046685917,
9022095220,
9960100386,
9380624627,
9169413010,
9960014188,
9219429354,
9134765564,
9163023403,
9303964070,
9913889076,
9909231764,
9113170402,
9367569913,
9361002063,
9130741795,
9033096546,
9211767873,
9305378634,
9910480577,
9302459787,
9198540583,
9058455813,
9117800578,
9210126545,
9921630802,
9122988350,
9130240422,
9307277345,
9134121992,
9359024113,
9914136708,
9167102435,
9902296342,
9126543933,
9357938502,
9193165941,
9114930183,
9107427391,
9362292181,
9170055414,
9044781989,
9354192467,
9194214568,
9154954028,
9187848973,
9173353321,
9179116401,
9113432449,
9158525610,
9999386295,
9963048480,
9136515503,
9399417451,
9130836523,
9021381271,
9196589573,
9384167472,
9013441498,
9375042211,
9124137644,
9194167235,
9387353723,
9137569336,
9124887509,
9124685568,
9052704974,
9169659345,
9037668324,
9025877901,
9126416904,
9157868646,
9213101949,
9369225471,
9920552606,
9368585265,
9306779567,
9045321824,
9910973520,
9123039538,
9155907140,
9396807929,
9188544482,
9336591727,
9179571362,
9215940314,
9931927406,
9212110894,
9352176886,
9026953586,
9359743828,
9198160245,
9382996071,
9133600374,
9103750599,
9030159160,
9903755049,
9148365519,
9147479019,
9176961511,
9961673507,
9171588714,
9172611171,
9142810458,
9355304700,
9184553215,
9120683562,
9032281387,
9014118208,
9204731404,
9191382620,
9188492864,
9364808184,
9399302252,
9058432232,
9922708355,
9143544919,
9393517789,
9025587231,
9933399732,
9966336193,
9036929591,
9044814945,
9212125357,
9134592401,
9015019829,
9192218872,
9360938797,
9140486321,
9199765506,
9198337539,
9128709212,
9382790597,
9160032181,
9922308193,
9196940939,
9303446364,
9198530622,
9960700221,
9366420458,
9335135276,
9147778818,
9113161205,
9169589254,
9018484327,
9143822189,
9184726538,
9163932559,
9032853896,
9180019868,
9367543206,
9145883039,
9215770360,
9360330866,
9353056792,
9160461606,
9139314680,
9920843028,
9122200183,
9038316308,
9221049516,
9128085385,
9928040216,
9059176690,
9374266597,
9353435191,
9210491794,
9358481685,
9981149420,
9190056138,
9130628818,
9224926897,
9133082108,
9991358990,
9908228280,
9215814912,
9119973140,
9014672430,
9192337544,
9024776596,
9012021747,
9369286323,
9187181760,
9214295567,
9337186443,
9142043164,
9945508070,
9939402310,
9111430669,
9012608303,
9170636689,
9928298520,
9386917376,
9192935461,
9142760080,
9385695685,
9374953612,
9123827505,
9390988182,
9059248210,
9143335616,
9368202562,
9397006186,
9022314003,
9153323360,
9961836705,
9936539239,
9176004236,
9921214298,
9152642779,
9386211985,
9122532566,
9359833497,
9384636082,
9196171070,
9928003115,
9399289443,
9132692668,
9301075054,
9016987925,
9139892488,
9212305172,
9136541325,
9012758430,
9020033398,
9182537073,
9152586104,
9371543750,
9931281580,
9057672699,
9104742830,
9196594070,
9129360396,
9307405430,
9183394932,
9030305526,
9156873340,
9013961137,
9136448934,
9027181557,
9194082833,
9904210218,
9032989988,
9185637953,
9156221375,
9112394719,
9137626276,
9052276999,
9917207742,
9358019754,
9138773033,
9302033831,
9117861923,
9181611565,
9212733104,
9157040263,
9901663587,
9177861665,
9935348268,
9332681097,
9121596186,
9127506347,
9922428956,
9306104927,
9144181579,
9395253026,
9365562723,
9122960729,
9916427077,
9364651276,
9372258001,
9374607892,
9384515966,
9905006481,
9179246120,
9134844635,
9156410656,
9039181783,
9918929508,
9058327562,
9133758424,
9363048485,
9174319713,
9365101370,
9197760624,
9154543041,
9902589574,
9931812774,
9164072342,
9131435738,
9962398937,
9373238632,
9014975254,
9308018564,
9334385507,
9384042472,
9933546925,
9366489940,
9147090959,
9915958552,
9015449671,
9120510231,
9144810250,
9909967267,
9126654458,
9309961068,
9024467680,
9378669612,
9145507763,
9376605165,
9113801458,
9215461599,
9336380637,
9225851254,
9363293036,
9130923267,
9300650710,
9966134541,
9154182853,
9149137331,
9188103969,
9391728214,
9107612015,
9159647643,
9026830059,
9393020188,
9918627943,
9134478323,
9396774100,
9137237239